7500435129329|
7506339326468|
7506339349146|
75917265|
7506425631827|
7501026004612|
7501026004629|
7501006705942|
7500435139977|
7500435153331|
7503004599066|
7503004599899|
7501102290311|
7502254582750|
017479831011|
7501017006021|
7501052424606|
7501062700615|
7501018310264|
781159053849|
mis totopos|
615380000122|
7503027158035|
7501011138865|
7501011147942|
9002490100070|
7501064196935|
7501064193859|
7501064195334|
7501064194139|
75030575|
7501064199769|
7503028412693|
7503028412709|
7503028412686|
7501049999360|
7503024416510|
7501049917296|
7501049967062|
7503028412587|
089826001415|
7501049912284|
7501061668930|
75019303|
7501000111855|
7501000149100|
7501000111800|
7501000112333|
7501030491668|
7506174512248|
7506174512200|
7502271912059|
7501000111466|
7501000336319|
7501000111091|
7501000122332|
7506174505318|
7506174502645|
7506174502652|
7501000111503|
7501000111602|
7502271911427|
7502271911472|
7501000310647|
7503030199995|
7501000309726|
7503030374002|
7501030469827|
7622210833709|
7501030429272|
7501000112302|
7501000112326|
7501000112203|
7501030475521|
7501030475514|
7501030420859|
7501030474227|
7501030486664|
7501030473824|
7501000132300|
7501030418399|
7501000112845|
7501000112784|
7503031361889|
7501000140855|
7501030491644|
7501000128167|
658480001958|
658480001262|
7501000127344|
7501030462859|
7501000138944|
7501030490951|
7501030427209|
80941361|
80883531|
80969143|
80916604|
80941385|
7503030374392|
7501030427193|
7501030431183|
8000500267035|
80052760|
80050094|
80050315|
7501030431190|
80741244|
80050117|
7501030475743|
7501000153800|
7501000103034|
7501000153107|
7501000156214|
7501000153374|
7501000153282|
7501030433453|
7501030426912|
7501030426905|
7501000133338|
7501030418528|
7501030418559|
7501030418504|
7501030418542|
7501030457183|
7503029151638|
7501000142200|
7501030474357|
7501030456322|
7501030456124|
7501030418689|
7503031028027|
7503028643417|
7503028643431|
7503030572712|
7501030456988|
7501000134465|
7501000135301|
7503032991801|
7501030490388|
7501030421450|
7501030421443|
7501030463719|
7501030490418|
7501030463733|
7501000612130|
7501000612147|
7501000612161|
7501000664382|
7500478024926|
7501000649754|
7501000601738|
7500478022502|
7500478022496|
7500478022540|
7501000601776|
7501000640362|
7501000606566|
7501000606573|
7501000606580|
7500478014569|
7501000657797|
7501000604685|
7501011148963|
7501011144460|
7501011112438|
7501011114623|
7501011135024|
7501000635726|
7500478015931|
7501000664221|
7500478005833|
7500478006175|
7500478008025|
7500478008032|
7500478007622|
7500478005512|
7500478010592|
7500478020485|
7501011137431|
7501011143739|
7501011101678|
7501011101456|
757528036638|
7503031361544|
7503031361568|
7501011104099|
7500478007974|
7501011159242|
7503031361575|
7501000266203|
7501000266234|
757528001889|
7501011123595|
7501011123878|
7501011123588|
7501011142299|
7501011116252|
7501011112254|
7501011110335|
7503032991900|
7503032991894|
7501011143753|
7501011143586|
7501011165717|
7503032991917|
7500810002612|
7503018544595|
7503032606835|
7500478015047|
7500478028382|
7501011155343|
7501011143999|
7500478028375|
7500478014606|
7500810000489|
7500810000502|
7500810000465|
7500478025183|
7500478025169|
7500810002674|
7500810002643|
7503034672050|
7501000140473|
7503034673828|
7501055399758|
7501055304721|
7501055361540|
7501055333851|
7501055317653|
032239052147|
7501086801121|
7501086801046|
032239052000|
032239052017|
032239052024|
7501086801015|
036731506009|
036731136916|
7501055310227|
7501055300952|
036731106032|
036731106018|
815154022156|
815154022705|
070847036043|
070847036210|
036731321008|
036731326003|
036731103512|
036731103536|
7501055304745|
7501055304004|
7501031307296|
7501031360048|
75007614|
7501055328345|
7501055302451|
7501055355310|
793573950079|
7501031307289|
7501055305230|
7501055305629|
7501055303786|
7501055303779|
7501055339983|
7501022010778|
7501031307227|
070847035916|
7501055340422|
7501055376681|
7501031345052|
7501031360024|
7501055374427|
7501055330812|
7501055304813|
7501055304806|
7501505630073|
7501441610412|
7501031307210|
7501086800636|
7501441604213|
7501441604114|
7501441604411|
7501772801305|
7501073841949|
7501073839861|
7501031345083|
7501441604121|
7501441611112|
7503006897016|
7501031360161|
7501441615219|
7501441615417|
7501073830509|
7506192507349|
7506192507561|
7501031360130|
7501073831926|
7501073831896|
7501073831902|
7501073831933|
7501031346301|
7501022014066|
7501031360307|
7506192506854|
7506192506953|
7506192507417|
7506192508001|
7501125144851|
7503019305638|
7501071120183|
7501031310012|
7501022013700|
7501022014578|
7501031343423|
7501013100822|
7501013100853|
7501013100860|
7501013100846|
7501013100815|
7501031360116|
7501022013717|
75003159|
75003166|
75003180|
031200454560|
7501031307258|
7501022009321|
7501013103229|
7501013122992|
7501013122060|
7501013103205|
7501022014646|
7501505630028|
7503006897030|
7501013103366|
7501013174021|
7501013103342|
7501013174069|
7501031305629|
7501031305957|
75075385|
75043025|
75075392|
7500810004319|
7501000278404|
758104001712|
758104100422|
758104006212|
757528021757|
07432354|
7500810004371|
757528039172|
7500810004395|
75061685|
75063375|
758104006625|
7503032248059|
7500810004340|
757528039073|
7500810004296|
757528033330|
758104006526|
758104006656|
758104006724|
757528039080|
757528039103|
7500810004432|
758104007455|
758104006120|
758104000159|
758104007813|
7503023836135|
7503023836142|
7500478022144|
7502237931230|
7502237930271|
7502237931155|
7502237931148|
7501052472195|
7501052472102|
7501052475004|
7501039123065|
7506192508773|
744293160361|
744293160354|
8410113000019|
097339000054|
5000267014203|
7503023578202|
041789001918|
041789001956|
7501073839885|
7501073831469|
041789001925|
041789001864|
7506195132906|
7500435168991|
7503031135008|
7506295302322|
7500435126045|
7590002040003|
7500435126014|
7501058651266|
7501761850932|
7506339394917|
7500435139168|
7500435160988|
7501058643230|
7501008042854|
7501058643261|
7501058643247|
7501058628664|
7501003300652|
7500326034749|
7501003310187|
7501003340139|
7501003305855|
7501003335029|
7501067283304|
7506475104722|
7501059211209|
7501001604325|
7501001604318|
7501058628503|
7501058611062|
7501000912612|
7501003334565|
7501006584035|
7501052473437|
7501052470061|
012957100078|
7501058631961|
7506475102131|
7501000665747|
7501079334391|
7501058651129|
735257006016|
7501431261105|
7501000904242|
7506475102537|
7506475102513|
7502208805218|
7503027332008|
7506475102452|
7506475102476|
7506475102490|
7506475102483|
7501091708545|
7503023578301|
7501043706100|
7501043706407|
7502213348182|
5410316950527|
5000267165240|
7501052420165|
7501052420172|
7501052424026|
7501029032841|
7501000911790|
7501052410111|
852812005120|
7501052477213|
7501017003167|
7501052477206|
7501086107087|
7501028835580|
7503009337113|
7501008660195|
7501787811924|
75003722|
7501009600060|
7501039122846|
7622210562685|
7622210562951|
7622210562852|
7622210562586|
7622210562739|
7622210562906|
7622210563071|
7501025403485|
7501268200513|
7506192507462|
7506192507813|
7802800719440|
7503032460055|
7501071900112|
7503013208133|
75000608|
7501071900129|
7501071907920|
7501071907661|
7501229301020|
7500478014620|
7501055900077|
7501232002303|
75000950|
7501020553147|
7501055900060|
7501295600126|
7502287650112|
9750435006924|
7503009156080|
6972554330015|
7501055901425|
7501055900039|
7501020540666|
7504502380606|
6921876307335|
7501102610003|
7501005102674|
097339000030|
097339000061|
7501000911783|
7501052414027|
7501058639936|
7506205802355|
7501005107297|
7506306313231|
7501005107150|
7501005145442|
7501005107013|
7501005106801|
7506306312081|
7501005106979|
7506192508704|
7501073841925|
7501022014585|
7506192508216|
040232895449|
7503006897054|
7506192508698|
7502252634215|
8938512890074|
7501053670569|
7501053670507|
75001360|
75068783|
75066345|
75074746|
75031053|
75001384|
75044916|
7501053670545|
75001322|
75067854|
75067823|
75021597|
613008738761|
75001339|
613008738860|
75074920|
75051785|
7503023959117|
75074081|
75071776|
75063504|
7501055909520|
7501071120077|
75001476|
75069902|
75068776|
75050443|
75068738|
75035259|
7501040009761|
7501032601058|
75070373|
75052836|
75064648|
75000011|
7501059297289|
8719200450615|
7501025511036|
7501055909537|
7501053673065|
744886225231|
7501013174038|
7501772802777|
7501032398491|
7501032398484|
7501032398576|
7501032398583|
7501032398637|
7501032397845|
7501032397951|
7501032398842|
75012533|
75009076|
75026196|
75009090|
7501032398255|
7506443105713|
7501032397906|
7506443104471|
7506443103351|
7506443106567|
7501032397975|
7501295600713|
7501055915668|
7501055915682|
7501055915705|
7506443100466|
7506443101746|
7501032395933|
7506443106291|
7506443101968|
7501032332020|
7501032332013|
014800515329|
606110023924|
7501055313006|
7501055310487|
