7501071907661|
7501071907999|
7501071907920|
7501071900129|
7501025403485|
7506339343595|
7506309807928|
7500435108256|
7506195196984|
8718951167513|
7509546666204|
7501035910072|
7501026005671|
7501026005985|
7503031135008|
7590002040003|
7506339394917|
7500435139168|
7500435126014|
7500435126045|
7500435160988|
7501058743145|
7501058743121|
7506192503358|
7506192506601|
7506192504539|
7503023615044|
7501001170288|
7501006721119|
7501001303396|
75917265|
7506339349146|
7500435129947|
7500435105668|
7702018013326|
7500435019811|
7500435129398|
7506195148679|
7500435129329|
7500435145831|
7509546007083|
7501006733907|
7500435019392|
7500463156564|
7500463156540|
7500463156557|
7500463156571|
7509546074627|
7506306238336|
7500435160902|
7500435153324|
7500435161008|
7500435105354|
7500435105361|
7501007455730|
7501065908841|
7500435018791|
7501007497129|
7500435137287|
7501007445557|
7501006705942|
7503021428172|
706460000740|
7501072212658|
706460249231|
706460249279|
7501072210234|
7501072210289|
7501006559309|
7501006559330|
7501006559316|
7501006559026|
7502254582750|
7501067283304|
7501058611062|
7506475104722|
7501000912803|
7501001600426|
7501000912612|
7506475102131|
7501059211209|
7501058631961|
041789001987|
041789001918|
041789001925|
7503032991290|
7500478014620|
7501055900060|
7501055900077|
7501055900084|
7501020553147|
7501020553154|
7501055900039|
7501295600126|
7501295600157|
7501005102674|
025293002920|
7501020540666|
7501058651266|
7501761850932|
7501058643261|
7501058643247|
7501058643230|
7501067732086|
7501008042854|
7501079334391|
7501000665747|
7501200483127|
7501052420165|
7501058651129|
7506475102483|
7506475102513|
7506475102452|
7501000904242|
735257002889|
735257003480|
735257003633|
735257003626|
7501059295193|
735257002537|
735257002599|
735257002650|
735257002636|
735257002568|
735257002490|
735257002544|
7501200480515|
7501045401201|
7501045401423|
017479831011|
034587030013|
781159053849|
7501003124326|
7501052471075|
7501017004515|
7501023348047|
7501017006021|
7501017005765|
7501011323278|
7501017003167|
7501052424026|
7501039122716|
7501039122846|
7501039123065|
7501039127285|
7501052470085|
7501003334565|
7501052473437|
7501006584035|
012957100078|
7501058628503|
7501001604318|
7501001604325|
7501003335029|
7501003305855|
7501003340139|
7501003300652|
7500326034749|
7501003310187|
7501058628664|
097339000030|
738545010030|
7501052472195|
7501052472102|
7501052475004|
7501052475011|
7501018310523|
7501018320584|
7501018310028|
7501018310608|
7501018310547|
7501018310103|
7501018310011|
7501011140776|
7501011138865|
7500478003457|
7506306318007|
756702134719|
7503027158387|
7500463156519|
7500463156502|
7501943412217|
7501036623643|
7501036622127|
7501943466357|
7506425602759|
7500463156526|
